# table for php1 animations
animation_php1 <- list(
  c(19:21), 
  c(22:27), 
  c(28, 29), 
  c(13:15), 
  c(16:18),
  c(9, 5, 12, 3, 1, 4, 6, 8, 10, 2, 11)
)

# table for hypopara animation (same as php1)
animation_hypopara <- animation_php1

# table fir hypoD3
animation_hypoD3 <- list(
  c(22:27), 
  c(19:21), 
  c(28, 29), 
  c(13:15), 
  c(16:18),
  c(9, 5, 12, 3, 1, 4, 6, 8, 10, 2, 11)
)